//第几步 对话头像    对话内容(用@间隔)    箭头From    箭头To   高亮块
////////////////////////////////////////////////////////////////////
    0      Speicher      彩虹符石具有7种符石的魔法能量。当[ff0000]5个相同颜色[-]的符石连成一线，就会生成彩虹符石。     3,2        3,3       1,4,2,3,4,2,5,2	Tech_EatAColor 1 1,2
    1      Speicher      [ff0000]彩虹符石[-]使用的时候，请把它和任意一种颜色的符石交换。     3,3        3,4       3,3,3,4
    2      Speicher      彩虹魔法石非常神奇。和它交换那块[ff0000]相同颜色[-]的所有符石都会盛开成鲜花。     None        None       None Tech_EatAColor
    2      Speicher      关卡目标？就是清除掉这些所有剩下的冰块啦！     None        None       2,1,2,2,2,4,2,5,2,6,3,5,3,6,4,1,4,3,4,5,5,5,5,6,6,1,6,3,6,4,6,5,6,6,7,1,7,3,7,5,7,6 None 1



    1000      Speicher      先生成一个[ff0000]彩虹魔法石[-]。     3,2        3,3       1,4,2,3,4,2,5,2	None 1 1,2
    1001      Speicher      使用[ff0000]彩虹魔法石[-]消除[ff00ff]紫色块[-]。     3,3        3,4       3,3,3,4	None 1 0,2
    1002      Speicher      先从左下角入手。     2,5        3,6       1,7,2,6	None 1 0,2
    1003      Speicher      这步移动可以消除三块冰块。     4,6        5,6       4,5,5,6,6,6	None 1 0,2
    1004      Speicher      调整一下块的布局。     2,4        3,4       1,3,2,3	None 1 0,2
    1005      Speicher      这次可以消除两块冰块。     2,5        2,4       1,4,2,4,3,5	None 1 0,2
    1006      Speicher      左下角的最后一块冰块。     2,4        2,5       1,6,2,5,3,5	None 1 0,2
    1007      Speicher      现在开始消除右下角第一块冰块。     7,5        7,4       5,5,6,4	None 1 0,2
    1008      Speicher      右下角的第二块冰块。顺便还有上方的一块。     7,5        6,5       6,3,6,4,6,5	None 1 0,2
    1009      Speicher      右下角的最后一块冰块，顺便可以生成一个线性炸弹。     5,6        5,5       4,4,6,5,7,6	None 1 0,2
    1010      Speicher      让我们来到右上角。     8,4        8,3       6,2,7,3	None 1 0,2
    1011      Speicher      右上角第二块。     7,4        6,3       6,1,6,2	None 1 1,2
    1012      Speicher      现在还剩下这些冰块。快要完成了！     None        None       2,1,2,2,4,1,7,1	None 1 1,2
    1012      Speicher      消除上方中央的块。     4,0        4,1       4,1,4,2,4,3	None 1 1,2
    1013      Speicher      左上角第一块冰块。     4,2        3,2       1,1,2,1	None 1 1,2
    1014      Speicher      左上角第二块冰块。     3,1        3,2       2,2,4,1	None 1 1,2
    1015      Speicher      只剩最后一块，不过似乎没有可以直接消除的可能性。     None        None       7,1	None 1 1,2
    1015      Speicher      调整一下布局。     5,6        6,6       7,6,8,5	None 1 0,2
    1016      Speicher      消除最后一块，大功告成！     7,0        7,1       6,1,8,0	None 1 1,2